df=59156.60910650001
csv=17675.4995719
pre=56940.8599487
